	3184153	 
	2471966	 
	2139117	 
	2512888	 
	3043333	 
	3058309	 
	2440045	 
	2909993	 
	2315919	 
	3194990	 
	3246044	 
	2408367	 
	2581705	 
	3020085	 
	2265057	 
	2967114	 
	3152412	 
	3014731	 
	3139561	 
	3140655	 
	3077741	 
	3081531	 
	3059855	 
	3077552	 
	2972719	 
	3033628	 
	3264116	 
	3088596	 
	3147706	 
	3045489	 
	2675073	 
	2728990	 
	3108932	 
	3108757	 
	3084246	 
	2980382	 
	3068825	 
	3051235	 
	3247370	 
	2952363	 
	3002542	 
	3112094	 
	3110284	 
	3109055	 
	3076191	 
	3157611	 
	3133883	 
	3018327	 
	3045643	 
	2985878	 
	3080822	 
	2754030	 
	2872070	 
	3097766	 
	3094237	 
	2967615	 
	3152811	 
	3024806	 
	3107828	 
	2797349	 
	3077985	 
	3088776	 
	3117809	 
	3168793	 
	2887304	 
	2904567	 
	2930976	 
	2776689	 
	2663576	 
	3112993	 
	2882209	 
	3063600	 
	3169377	 
	3154094	 
	3112988	 
	3253433	 
	3147014	 
	3169003	 
	3019803	 
	3122801	 
	3098433	 
	2399602	 
	3060423	 
	3087920	 
	2949147	 
	3109532	 
	3056672	 
	2966083	 
	3000793	 
	3024789	 
	2661030	 
	2606028	 
	3251115	 
	3032015	 
	3001068	 
	3104391	 
	3148628	 
	3114018	 
	3078663	 
	3146016	 
	3011646	 
	3129809	 
	2966448	 
	3059553	 
	2957829	 
	2830754	 
	3135193	 
	3039938	 
	3126633	 
	3116152	 
	2718249	 
	2910507	 
	3017826	 
	2801396	 
	3021887	 
	3092395	 
	2953631	 
	3007995	 
	2976424	 
	3038662	 
	2986506	 
	3002182	 
	3069175	 
	2796441	 
	3060668	 
	3051447	 
	3219856	 
	3017491	 
	3037472	 
	3065545	 
	3086180	 
	3144944	 
	3112336	 
	3137791	 
	3131851	 
	3109296	 
	3066684	 
	3007068	 
	3055154	 
	3154402	 
	3092388	 
	3033012	 
	3097095	 
	2965164	 
	2989829	 
	2972957	 
	3088598	 
	2996118	 
	3056440	 
	2707556	 
	2739109	 
	3070926	 
	3128117	 
	3079721	 
	3138844	 
	3211060	 
	3103829	 
	3060778	 
	3020119	 
	2676651	 
	3008083	 
	3163715	 
	3093515	 
	3040352	 
	3202701	 
	3103195	 
	3069975	 
	2981118	 
	3063266	 
	2607612	 
	2949707	 
	2938646	 
	2882259	 
	2992500	 
	3116364	 
	3166119	 
	3101475	 
	3031860	 
	3265427	 
	2899056	 
	3191990	 
	3221268	 
	3030999	 
	3075324	 
	981789	 
	2736221	 
	2797063	 
	3109164	 
	2939495	 
	3132313	 
	3193570	 
	3216826	 
	3083356	 
	3115096	 
	2709750	 
	3195672	 
	3160741	 
	2695146	 
	2975341	 
	3154923	 
	3143785	 
	2824063	 
	3122166	 
	3137203	 
	3202661	 
	3011351	 
	3016900	 
	3102379	 
	3108866	 
	3115998	 
	3016986	 
	3017934	 
	3139314	 
	2950239	 
	3086510	 
	2653016	 
	3034662	 
	3263685	 
	3050419	 
	3098068	 
	3170562	 
	3094497	 
	3211532	 
	2761097	 
	3219496	 
	3209493	 
	3125259	 
	2512773	 
	2896215	 
	2966341	 
	3131341	 
	3203210	 
	3045355	 
	2990699	 
	3102255	 
	3174121	 
	3045763	 
	3081679	 
	3051056	 
	3046937	 
	3016177	 
	3100628	 
	3091319	 
	3070152	 
	3096909	 
	2998522	 
	2703485	 
	2891395	 
	2780797	 
	2999094	 
	3094891	 
	3256043	 
	2901358	 
	2025902	 
	3040456	 
	3052380	 
	3121899	 
	3067924	 
	3086237	 
	3131858	 
	3159552	 
	3146635	 
	3172110	 
	2282402	 
	2443324	 
	2539948	 
	3084819	 
	3072133	 
	3092475	 
	2582442	 
	3058724	 
	2881425	 
	3039048	 
	3034683	 
	2901464	 
	2451941	 
	2776941	 
	3076064	 
	2981152	 
	1986863	 
	3109277	 
	3165772	 
	3146500	 
	3229166	 
	3163274	 
	2336107	 
	3123425	 
	2706612	 
	2589093	 
	3020315	 
	2510526	 
	2878407	 
	3040782	 
	3003005	 
	3170765	 
	2834025	 
	2667332	 
	2942517	 
	3089757	 
	2774377	 
	3088611	 
	3092491	 
	3117125	 
	3067091	 
	3178592	 
	2850801	 
	2510019	 
	2867695	 
	3145111	 
	2947249	 
	2284845	 
	3217310	 
	3106448	 
	3019467	 
	3010243	 
	2976196	 
	2934300	 
	3199593	 
	2772670	 
	3021996	 
	3073703	 
	3046958	 
	3032022	 
	2847408	 
	2111565	 
	3124524	 
	3136402	 
	3105233	 
	3115975	 
	3076652	 
	2276941	 
	2673660	 
	3009410	 
	2171931	 
	3022435	 
	3105593	 
	3103212	 
	3229144	 
	2942110	 
	3114098	 
	2601000	 
	3006019	 
	3177991	 
	2678805	 
	2469348	 
	2652713	 
	2945583	 
	2858681	 
	3037268	 
	2988687	 
	2121478	 
	2757950	 
	3044907	 
	2919278	 
	2961552	 
	2988057	 
	3008218	 
	2601255	 
	2677293	 
	2966940	 
	3062833	 
	2693522	 
	2987825	 
	3130894	 
	2924771	 
	2634777	 
	2693679	 
	3031493	 
	3206526	 
	2620846	 
	2968407	 
	2818160	 
	2838850	 
	2944823	 
	2922433	 
	3173777	 
	3008809	 
	2544147	 
	3090821	 
	2799809	 
	3049679	 
	3151145	 
	2568430	 
	2928281	 
	2939520	 
	3125208	 
	2352359	 
	3103422	 
	3053132	 
	2728184	 
	3077981	 
	3145108	 
	3232851	 
	2990929	 
	3137717	 
	3161327	 
	3162601	 
	3203835	 
	1030531	 
	2809572	 
	2245139	 
	3112317	 
	2972248	 
	3071285	 
	3217581	 
	3301136	 
	3107653	 
	3095233	 
	3177620	 
	3096362	 
	3146458	 
	3237739	 
	3077698	 
	2992514	 
	3002862	 
	3109842	 
	2765396	 
	3057065	 
	3198121	 
	3048963	 
	3034291	 
	3051444	 
	3070367	 
	3092874	 
	3114168	 
	2939104	 
	2616244	 
	3259289	 
	2531747	 
	2698331	 
	2720147	 
	3061120	 
	2969019	 
	2874557	 
	3057169	 
	2735091	 
	2197628	 
	3124182	 
	2827749	 
	2629263	 
	2768146	 
	2731194	 
	3071059	 
	2940310	 
	2560098	 
	3140492	 
	2994271	 
	3032187	 
	3160722	 
	3107677	 
	3079655	 
	3286695	 
	2824032	 
	2273963	 
	3083817	 
	2966119	 
	3107587	 

